83.208 38.1004
64.9772 49.5288
51.0349 69.7046
46.3735 99.0018
54.608 125.864
70.3136 143.259
102.28 22.4147
89.6329 152.981
110.772 159.636
55.5986 39.2072
31.9738 100.832
61.8054 153.294
106.457 164.306
96.329 6.62317
45.632 8.573
4.85254 142.595
71.6313 18.5497
94.7816 0.411207
53.0625 -179.265
27.5846 43.6678
100.334 -177.28
45.9643 -4.81059
33.565 153.089
69.4189 -6.28737
79.3346 171.453
53.4179 -167.498
26.1812 -25.829
100.626 -171.578
32.3429 -151.77
76.445 -165.799
15.6481 -99.6221
51.0644 -22.6724
57.8735 -151.808
104.694 -20.6722
4.59122 -57.0951
0.121824 172.48