50.8681 47.3484
115.614 19.7143
64.5855 33.6901
40.1938 64.7923
107.256 160.151
39.5419 119.021
93.9448 159.148
33.3507 91.9481
51.762 139.368
64.5505 151.004
78.5689 156.224
116.809 165.613
59.6562 24.7143
21.0982 91.8476
59.4732 159.7
115.066 174.346
82.8734 5.18024
56.7192 -162.072
27.9273 10.7625
113.836 -171.708
27.7963 174.382
83.1056 179.453
113.619 -10.9287
61.571 -22.9769
80.9579 -17.7752
44.4939 -35.8771
32.0577 -54.1514
26.2598 -85.791
31.5835 -119.694
60.6608 -151.902
66.9304 -31.006
65.2735 -144.122
22.6313 -52.3264
0.100065 53.3108