130.004 160.965
111.628 22.4498
81.5451 30.7725
60.522 42.1149
41.395 73.4511
41.2307 108.933
59.9223 140.528
81.233 152.577
111.223 160.715
65.0033 27.1907
121.313 15.7247
27.6665 90.9392
64.4052 156.007
119.804 168.095
61.0212 17.9637
16.7791 90
60.3838 165.651
61.4908 -14.9586
60.3025 -161.361
19.3066 -86.6335
29.4986 -2.2026
89.8576 0.610235
28.6991 -174.56
120.905 -12.7852
66.0266 -25.421
87.3628 -177.769
33.0184 -66.9564
30.1877 -87.417
32.5538 -108.056
65.0804 -150.577
120.256 -163.684
114.568 -20.2641
114.007 -156.188
6.3892 152.526
0.0387887 -135.614